2020 6 11
2020 9 17
2020 8 20
2020 4 19
2020 9 14
2020 8 4
2020 4 25
2020 5 31
2020 5 4
2020 8 19
2020 6 20
2020 8 4
2020 8 23
2020 7 31
2020 6 6
2020 7 8
2020 5 8
2020 9 1
2020 9 19
2020 8 4
2020 8 4
2020 4 6
2020 5 19
2020 7 25
2020 6 15
2020 7 15
2020 5 15
2020 8 25
2020 8 16
2020 6 17
2020 8 27
2020 5 5
2020 6 13
2020 7 24
2020 6 16
2020 6 4
2020 6 5
2020 8 4
2020 8 27
2020 8 1
2020 6 30
2020 5 25
2020 6 13
2020 6 1
2020 4 2
2020 9 11
2020 3 16
2020 6 2
2020 8 20
2020 3 13
2020 4 14
2020 7 2
2020 4 11
2020 6 25
2020 5 5
2020 7 20
2020 4 18
2020 7 12
2020 6 21
2020 3 12
2020 4 6
2020 5 26
2020 5 9
2020 7 11
2020 3 26
2020 8 18
2020 3 23
2020 6 23
2020 6 29
2020 9 11
2020 5 3
2020 4 6
2020 5 14
2020 8 7
2020 6 30
2020 6 8
2020 7 27
2020 7 8
2020 9 2
2020 6 23
2020 7 14
2020 3 25
2020 4 3
2020 8 18
2020 7 13
2020 5 31
2020 6 15
2020 8 23
2020 3 20
2020 3 14
2020 8 27
2020 4 18
2020 6 1
2020 4 13
2020 8 22
2020 6 19
2020 3 8
2020 9 7
2020 3 21
2020 6 29
0 0 0
